Zeros std
1 0,4283783783783784
2 36,105405405405406
3 72,61891891891892
4 91,4581081081081
5 98,3945945945946
6 99,77972972972972

Zeros IP
1 0
2 32,13783783783784
3 65,95675675675675
4 82,98378378378378
5 89,48108108108109
6 90,98648648648648

Zeros IP Kick
1 0,0013513513513513514
2 32,77567567567567
3 66,96486486486486
4 83,42972972972973
5 89,80675675675676
6 90,98783783783784

Zeros Kick
1 0,4391891891891892
2 37,12162162162162
3 73,96351351351352
4 92,07972972972973
5 98,54864864864865
6 99,7918918918919